1	30 31 32 36 57 61 62 82 124 126 128 138 141
2	3
3	2
4	5 16 17
5	4 16
6	104
7	6 8 16 23 38
8	6 7 9 10 16 17 53 88 87 28 142 28 137 136 141 138 124 57 140 135
9	10 6 21 8 22 19 20 38 60 128 106 107 104 83 82
10	9 6 8 21 38 60 82 83 104 140
11	12 13 14 15 54 84 85
12	11 13 14 15 53 54 55 84 85 41 144 143
13	11 12 14 15 53 54 55 84 85 144 143
14	11 12 13 15
15	11 12 13 14 6 53 54 52 55 28 106 84 85 83 38 137 143 144
16	17 18 23 6 8 7 4 32 28 53 40 38 110 106 123 127
17	16 4 5 6 8 28 53 64 40 41 42 39 123 128 74 89
18	6 16 23 28 34 35 76
19	20 21 22 9 38
20	19 21 22 9 38
21	
22	19 20 21 9 128 38
23	16 18 122 38 6 7
25	
26	24 25 27 47 127 136
27	
28	
29	
30	31 32 27 1 61 62 79 87 82 138
31	30 32 27 1 61 62 79 87 82 138
32	31 30 27 16 1 62 61 128 88 82 138
33	
34	35
35	18 34
36	
37	38 39 36 53 54 55 123 74 6
38	16 10 9 54 15 33 22 20 19 7 6 82 23 28 21 55 58 53 36 37 39
39	37 38 53 58 55 17 33
40	41 42 16 17
41	40 42 17 82 12 92 86 87
42	41 40 17
43	44 45 65 66 67 105 106 112 113 114
44	43 45 67
45	43 44 67
46	
47	48 49 73
48	47 49 73
49	73 47 48
50	51 115 106
51	
52	53 54 55 15 130 67 36 114 113 112 121 145 120 127 129 117 125 119
53	6 8 12 13 14 15 16 17 28 36 37 38 39 52 54 55 58 84 85 89 106
54	53 55 52 58 15 37 38 39 13 12 36 28 11
55	54 53 52 15 58 38 39 36 28 13 12 14 37
56	139
57	8 135 124 140 136 138 141 137 28 1
58	54 55 53 39 38 28 36
59	
60	9 10 21 83
61	61 27 24 32 30 31 24 26 126 127 125
62	
63	
64	43 17
65	66 67 68 43 44 80 81 82 92 89
66	66 67 68 43 44 80 81 82 89 90
67	68 66 65 43 44 45 28 80 81 82 42 46 138 71 90 89 92
68	65 66 67 80 81 82 90 86 87 88 89 91 92 10 9 1 31 30 38 138
69	70 71 72 76 77 78 79 92 106
70	69 71 72 76 77 78 79
71	69 78 77 76 72 79 70 69 106
72	71 69 70 76 78 77 79
73	47 48 49 106
74	75 17 37
75	
76	77 78 79 69 70 71 72 18
77	76 78 79 69 70 71 72 92
78	69 70 71 72 76 77 79 92
79	69 70 71 72 76 77 78 31
80	81 82 68 67 66 68 41 24 6 87 88 89 90 91 92 10 9 1 30 31 32 38 138
81	80 82 68 67 66 65 86 87 88 89 90 91 92 10 9 1 31 30 38 138
82	65 66 67 68 80 81 41 24 6 87 88 89 90 91 92 10 9 1 30 31 32 38 138
83	10 9 15 60 21
84	11 12 13 14 15 28 53 54 85 144
85	11 12 13 14 15 28 53 54 84
86	87 88 89 90 91 92 67 68 81 80 82
87	86 88 89 90 91 92 67 68 80 81 82 83 84 138 136 137 139 140 141 143 144
88	31 32 80 81 82 83 84 86 87 88 89 90 91 92 110 111 134 140
89	
90	86 87 88 89 91 92 140 134 68 80 67 81 82
91	86 87 88 89 90 92
92	70 106 69 82 91 90 89 88 87 86 65 31 41 138 81 80 67 66 67
93	
94	
95	
96	
97	
98	
99	
100	101 102 103
101	100 102 103
102	100 101 103
103	100 101 102
104	
105	106 107 112 113 114 43 125 128 118 119 120 121
106	107 105 112 113 114 117 118 119 120 121 50 51 53 129 130 125 15 73 43 16 9 69 70 71 92 128
107	
108	
109	
110	111 122 123 128 16 116 88 87 86
111	
112	105 106 107 112 114 117 118 119 120 121 128 129 130 52 43
113	105 106 107 112 114 117 118 119 120 121 128 129 130 43 52
114	113 112 105 106 107 43 117 118 130 129 128 119 120 120 125 52
115	
116	115 132 133 134 24 110 23 92 144 143 142 140
117	118 113 112 105 106 107 114 119 120 121 27 128 129 130 125 52 45 44 125
118	117 119 120 121 130 52 129 128 114 114 112 105 107 144 145 125
119	120 121 118 117 27 26 125 126 127 107 106 105 112 113 114 52 130 129 45 44
120	121 119 118 117 128 125 107 106 105 112 113 114 130 129 152 145
121	120 119 118 117 128 125 107 106 105 112 113 114 130 129 152 145
122	122 110 17 16 37
123	
124	1 8 26 28 57 87 126 127 135 136 137 138 140 141 142 143 144
125	24 26 52 105 106 107 112 113 114 117 118 119 120 121 126 127 128 129 130 145
126	
127	138 61 136 25 26 27 126 125 124 8 16
128	128
129	121 119 118 117 128 125 107 106 105 112 113 114 130 15
130	121 119 118 117 128 125 107 106 105 112 113 114 129 15
131	128
132	128 133 134
133	
134	115 116 132 133 128 144 143 142 140 88 90 87
135	
136	135 27 137 138 25 140 141 28 8 124 57 24 127 26 126 87
137	15 135 136 28 8 57 124 140 138
138	24 127 137 136 135 8 124 57 57 141 1 67 128 87 82 61 92 30 31 32
139	140 56
140	135 8 124 57 138 141 136 137 116 87 139 143 144 90 89 88 134 10 21 24 28
141	
142	
143	144 142 141 140 132 133 134 12 13 14 15 87 124
144	
145	
146	
147	
148	
149	
150	
151	
152	
153	
154	
155	
156	
157	
158	
159	
160	
161	
162	
163	
164	
165	
166	
167	
168	
169	
170	
171	
172	
173	
174	
175	
176	
177	
178	
179	
180	
181	
182	
183	
184	
185	
186	
187	
188	
189	
190	
191	
192	
193	
194	
195	
196	
197	
198	
199	
200	
201	
